
1, 22501,0.04,0.05,-0.99,0.0304,0.9103,-0.4128,0.0064
2, 20908,0.04,0.09,-0.98,0.0356,0.9446,0.3251,0.0291
3, 4581,0.01,-0.01,-1.02,0.1618,0.6461,-0.7457,0.0163
4, 25963,-0.04,-0.10,-0.95,0.0262,-0.7964,-0.6024,0.0463
5, 20516,0.03,-0.01,-1.00,0.0116,-0.9
6, 16907,-0.01,-0.06,-1.02,0.0199,-0.4510,0.8920,-0.0227
1, 22508,0.04,0.05,-0.99,0.0304,0.9103,-0.4128,0.0064
2, 20914,0.02,0.09,-0.98,0.0356,0.9446,0.3250,0.0291
4, 25969,-0.05,-0.08,-0.96,0.0261,-0.7964,-0.6024,0.0464
5, 20522,0.02,-0.02,-1.01,0.0116,-0.9899,-0.1408,-0.0134
6, 16913,-0.01,-0.06,-1.02,0.0199,-0.4510,0.8920,-0.0227
1, 22514,0.03,0.06,-0.99,0.0304,0.9103,-0.4128,0.0064
2, 20920,0.04,0.09,-0.98,0.0356,0.9446,0.3250,0.0291
3, 4587,0.00,-0.02,-1.04,0.1559,0.6467,-0.7465,0.0160
4, 25975,-0.04,-0.09,-0.96,0.0261,-0.7964,-0.6024,0.0464
5, 
6, 16919,-0.02,-0.06,-1.02,0.0199,-0.4510,0.8920,-0.0226
1, 22520,0.02,0.05,-0.99,0.0304,0.9103,-0.4128,0.0063
2, 20927,0.03,0.09,-0.99,0.0356,0.9446,0.3250,0.0291
3, 4595,0.01,-0.01,-1.02,0.1547,0.6468,-0.7466,0.0160
4, 25982,983,-0.04,-0.08,-0.95,0.0261,-0.7964,-0.6024,0.0464
5, 20535,0.02-1.00,0.0116,-0.9899,-0.1408,-0.0133
6, 16926,-0.01,-0.05,-1.02,0.0199,-0.4510,0.8920,-0.0226
1, 22526,0.04,0.05,-0.97,0.0304,0.9103,-0.4128,0.0063
2, 20933,0.03,0.09,-0.99,0.0356,0.9446,0.3250,0.0291
3, 4602,0.01,-0.00,-1.03,0.1537,0.6469,-0.7468,0.0159,-
4, 25988,-0.04,-0.09,-0.94,06,0.0261,-0.7964,-0.6024,0.0464
5, 20541,0.03,-0.02,-1.01,0.0116,-0.9899,-0-0.1408,-0.0134
6, 16932,-0.02,-0.06,-1.01,0.0200,-0.4510,0.8920,-0.0226
1, 22533,0.04,0.05,-0.98,0.0303,0.9103,-0.4128,0.0063
2, 20939,0.03,0.09,-0.97,0.0356,0.9446,0.3250,0.0291
3, 4608,0.00,-0.01,-1.04,0.1528,0.6470,-0.7469,0.0159
4, 25994,-0.04,-0.10,-0.96,0.0261,-0.7964,-0.6024,
5, 20547,0.02,-0.01,-1.01,0.0115,-0.9899,-0.1408,-0.013
6, 16938,-0.02,-0.06,-1.03,0.0200,-0.4510,0.8920,-0.0227
1, 22539,0.03,0.04,-0.98,0.0303,0.9103,-0.4128,0.0063
2, 20946,0.03,0.08,-1.00,0.0356,0.9446,0.3250,0.0291
3, 4615,0.02,-0.01,-1.04,0.1517,0.6471,-0.7470,0.0159
4, 26000,-0.04,-0.10,-0.97,0.0261,-0.7964,-0.6024,0.0464
5, 20553,0.04,-0.02,-1.01,0.0115,-0.9899,-0.1408,-0.0133
6, 16941,-0.02,-0.06,-1.03,0.0199,-0.4509,0.8921,-0.0228
1, 22545,0.04,0.05,-0.98,0.0303,0.9103,-0.4128,0.0064
2, 20952,0.02,0.08,-0.98,0.0356,0.9446,0.3250,0.0291
3, 4621,0.01,-0.01,-1.03,0.1509,0.6472,-0.7471,0.0158
4, 26006,-0.04,-0.09,-0.95,0.0261,-0.7964,-0.6024,0.0464
5, 20562,0.04,-0.02,-1.01,0.0115,-0.9899,-0.1408,-0.0133
6, 16946,-0.02,-0.07,-1.03,0.0199,-0.4509,0.8921,-0.0228
1, 22548,0.04,0.05,-1.0,0.0304,0.9103,-0.4128,0.00654
2, 20955,0.03,0.08,-0.98,0.0356,0.9446,0.3251,0.0291
3, 4628,0.01,-0.01,-1.02,0.1499,0.6473,-0.7472,0.0158
4, 26012,-0.04,-0.10,-0.96,0.0261,-0.7964,-0.6024,0.0464
5, ,-1.01,0.0115,-0.9899,-0.1408,-0.0133
6, 16952,-0.01,-0.06,-1.03,0.0200,-0.4509,0.8921,-0.0228
1, 22554,0.04,0.05,-1.00,0.0304,0.9103,-0.4128,0.0065
2, 20961,0.03,0.09,-0.98,0.0356,0.9446,0.3251,0.0291
3, 4635,0.00,-0.01,-1.03,0.1489,0.6473,-0.7474,0.0157
4, 26016,-0.05,-0.09,-0.96,0.0262,-0.7964,-0.6024,0.0463
5, 20572,0.03,-0.02,-1.02,0.0115,,-0.1408,-0.0133
6, 16958,-0.02,-0.06,-1.01,0.0200,-0.4509,0.8921,-0.0228
1, 22560,0.04,0.05,-0.99,0.0304,0.9103,-0.4128,0.0065
2, 20967,0.03,0.08,-0.97,0.0355,0.9446,0.3251,0.0291
3, 4641,0.01,-0.01,-1.04,0.1480,0.6474,-0.7475,0.0157
4, 26020,-0.04,-0.09,-0.95,0.0261,-0.7964,-0.6024,0.0463
5, 20578,0.03,-0.02,-1.01,0.0116,-0.9899,-0.1408,-0.0133
6, 16965,-0.01,-0.07,-1.02,0.0200,-0.4509,0.8921,-0.0228
1, 22566,0.04,0.05,-0.97,0.0304,0.9103,-0.4128,0.0065
2, 20973,0.03,0.09,-0.98,0.0355,0.9446,0.3251,0.0291
3, 4648,0.01,-0.01,-1.04,0.1470,0.6475,-0.7476,0.0156
4, 26027,-0.04,-0.0261,-0.7964,-0.6024,0.0462
5, 20582,0.03,-0.03,-1.01,0.0116,-0.9899,-0.1408,-0.0134
6, 16971,-0.01,-0.06,-1.01,0.0200,-0.4509,0.8921,-0.0229
1, 22573,0.03,0.06,-0.99,0.0304,0.9103,-0.4128,0.0065
2, 20980,0.03,0.08,-0.98,0.0355,0.9446,0.3251,0.0291
3, 4654,-0.00,-0.01,-1.03,0.1462,0.6476,-0.7477,0.0156
4, 26033,-0.04,-0.09,-0.95,0.0261,-0.7964,-0.6024,0.0462
5, 20586,0.03,-0.02,-1.019899,-0.1408,-0.0134
6, 16978,-0.01,-0.06,-1.02,0.0200,-0.4509,0.8921,-0.0229
1, 22580,0.04,0.05,-0.98,0.0304,0.9103,-0.4128,0.0065
2, 20987,0.03,0.09,-0.98,0.0356,0.9446,0.3251,0.0291
3, 4660,0.01,-0.01,-1.04,0.1453,0.6476,-0.7478,0.0155
4, 26039,-0.04,-0.09,-0.94,0.0262,-0.7964,-0.6024,0.0462
5, 20592,0.03,-0.02,-1.00,0.0116,-0.9899,-0.1408,-0.0134
6, 16984,-0.01,-0.06,-1.02,0.0200,-0.4509,0.8921,-0.0229
1, 22586,0.04,0.05,-0.99,0.0304,0.9103,-0.4129,0.0065
2, 20993,0.03,0.08,-0.98,0.0356,0.9446,0.3251,0.0291
3, 4667,0.01,-0.02,-1.03,0.1444,0.6477,-0.7479,0.0155
4, 26046,-0.04,-0.09,-0.94,0.0261,-024,0.0462
5, ,-0.02,-1.00,0.0116,-0.9899,-0.1408,-0.0134
6, 16990,-0.03,-0.06,-1.02,0.0200,-0.4509,0.8921,-0.0229
1, 22593,0.04,0.05,-0.98,0.0303,0.9103,-0.4129,0.0065
2, 21000,0.03,0.08,-0.99,0.0356,0.9446,0.3251,0.0291
3, 4673,0.00,-0.01,-1.02,0.1435,0.6478,-0.7480,0.0155
4, 26052,-0.04,-0.08,-0.95,0.0262,-0.7964,-0.6024,0.0462
5, 20605,0.03,-0.01,-1.00,0.0115,-0.9899,-0.1408,-0.0134
6, 16997,-0.01,-0.06,-1.01,0.0200,-0.4509,0.8921,-0.0229
1, 22599,0.04,0.04,-0.98,0.0304,0.9103,-0.4129,0.0065
2, 21006,0.03,0.08,-0.97,0.0356,0.9446,0.3251,0.0290
3, 4679,0.01,-0.01,-1.04,0.1427,0.6479,-0.7481,0.01540
4, 26059,-0.04,-0.0962,-0.7964,-0.6024,0.0462
5, 20614,0.04,-0.02,-1.01,0.0116,-0.9899,-0.1407,-0.0134
6, 17003,-0.02,-0.06,-1.02,0.0201,-0.4509,0.8921,-0.0230
1, 22606,0.04,0.05,-1.00,0.0304,0.9103,-0.4129,0.0065
2, 21013,0.03,0.08,-0.97,0.0356,0.9446,0.3251,0.0290
3, 4686,0.01,-0.02,-1.03,0.1417,0.6479,-0.7482,0.0153
4, 26065,-0.04,-0.10,-0.95,0.0262,-0.7964,-0.6024,0.0462
5, 20618,0.02,-0.02,-1.00,0.0116,-0.9899,-.1407,-0.0134
6, 17009,-0.02,-0.06,-1.02,0.0201,-0.4509,0.8921,-0.0230
1, 22612,0.03,0.05,-0.98,0.0304,0.9102,-0.4129,0.0065
2, 21020,0.02,0.08,-0.98,0.0356,0.9446,0.3251,0.0291
3, 4692,0.02,-0.00,-1.02,0.1409,0.6480,-0.7483,0.0153
4, 26071,-0.04,-0.09,-0.95,0.0262,-0.7964,-0.6024,0.0463
5, 20624,0.04,-0.02,-1.00,0.0116,-0.9899,-0.1408,-0.0134
6, 17016,-0.01,-0.05,-1.02,0.0200,-0.4509,0.8921,-0.0230
1, 22619,0.03,0.05,-0.98,0.0304,0.9102,-0.4129,0.0065
2, 21026,0.04,0.08,-0.97,0.0356,0.9446,0.3251,0.0291
3, 4698,0.00,-0.01,-1.03,0.1401,0.6481,-0.7484,0.0152
4, 26078,-0.04,-0.10,-0.95,0.0263,-0.7.6024,0.0463
5, 20630.0116,-0.9899,-0.1407,-0.0134
6, 17022,-0.01,-0.06,-1.02,0.0200,-0.4509,0.8921,-0.0230
1, 22625,0.04,0.05,-0.99,0.0304,0.9102,-0.4129,0.0065
2, 21033,0.04,0.08,-0.98,0.0356,0.9446,0.3251,0.0291
3, 4705,0.01,-0.01,-1.04,0.1392,0.6482,-0.7485,0.0152
4, 26084,-0.04,-0.10,-0.95,0.0262,-0.7964,-0.6024,0.0463
5, 20637,0.02,-0.01,-1.00,0.0116,-0.9899,-0.1407,-0.0134
6, 17028,-0.01,-0.07,-1.02,0.0200,-0.4509,0.8921,-0.0229
1, 22631,0.04,0.05,-0.99,0.0304,0.9102,-0.4129,0.0065
2, 21039,0.03,0.08,-0.97,0.0356,0.9446,0.3251,0.0291
3, 4711,0.01,-0.01,-1.04,0.1384,0.6482,-0.7486,0.0151
4, 26090,-0.03,-0.11,-0.96,0.0262,-0.7964,-0.6024,0.0463
5, 20646,0.04,-0.02,-1.01,0.0116,-0.9899,-0.1407,-0.0134
6, 17034,-0.01,-0.06,-1.02,0.0200,-0.4509,0.8921,-0.0229
1, 22638,0.04,0.05,-0.98,0.0304,0.9102,-0.4129,0.0065
2, 21045,0.03,0.09,-0.99,0.0355,0.9446,0.3251,0.0291
3, 4713,0.00,-0.02,-1.03,0.1339,0.6486,-0.7491,0.0148
4, 26096,-0.04,-0.08,-0.96,0.0262,-0.7964,-0.6024,0.0464
5, 20650,0.02,-1.00,0.0116,-0.9899,-0.1407,-0.0134
6, 17040,-0.02,-0.06,-1.00,0.0201,-0.4509,0.8921,-0.0229
1, 22644,0.03,0.04,-0.98,0.0304,0.9102,-0.4129,0.0065
2, 21052,0.04,0.08,-0.97,0.0356,0.9446,0.3250,0.0291
3, 4719,0.00,-0.01,-1.04,0.1331,0.6487,-0.7492,0.0148
4, 26103,-0.04,-4,-0.10,-0.94,0.0262,-0.7964,-0.6024,0.0463
5, 20656,0.03,-0.01,-1.01,0.0116,-0.9899899,-0.1407,-0.0135
6, 17047,-0.02,-0.07,-1.01,0.0201,-0.4508,0.8921,-0.0229
1, 22650,0.04,0.06,-0.99,0.0304,0.9102,-0.4129,0.0065
2, 21058,0.03,0.08,-0.99,0.0355,0.9446,0.3250,0.0291
3, 4725,0.01,-0.02,-1.04,0.1323,0.6487,-0.7493,0.0147
4, 26109,-0.04,-0.09,-0.94,0.0262,-00.6024,0.0463
5, 20662,0.03,-0.02,-1.02,0.0116,-0.9899,-0.1407,-
6, 17053,-0.00,-0.06,-1.02,0.0201,-0.4508,0.8921,-0.0228
1, 22657,0.04,0.05,-0.98,0.0304,0.9102,-0.4129,0.0065
2, 21065,0.03,0.08,-0.97,0.0355,0.9446,0.3250,0.0291
3, 4732,0.00,-0.01,-1.03,0.1314,0.6488,-0.7494,0.0147
4, 26115,-0.04,-0.09,-0.94,0.0262,-0.7964,-0.6024,0.0463
5, 20668,0.03,-0.02,-1.00,0.0116,-0.9899,-0.1406,-0.0135
6, 17055,-0.2,-0.05,-1.03,0.0200,-0.4509,0.8921,-0.0229
1, 22663,0.04,0.05,-0.98,0.0304,0.9102,-0.4129,0.0065
2, 21071,0.02,0.08,-0.99,0.0355,0.9446,0.3251,0.0291
3, 4739,0.01,-0.01,-1.02,0.1305,0.6489,-0.7495,0.0147
4, 26121,-0.03,-0.10,-0.96,0.0261,-0.7964,-0.6024,0.0463
5, 20677,0.03,-0.02,-1.00,0.0116,-0.9899,-0.1407,-0.0135
6, 17060,-0.02,-0.05,-1.02,0.0200,-0.4508,0.8921,-0.0229
1, 22670,0.03,0.05,-0.98,0.0303,0.9103,-0.4129,0.0065
2, 21077,0.04,0.09,-0.97,0.0355,0.9446,0.3250,0.0291
3, 4745,0.00,-0.02,-1.02,0.1297,0.6490,-0.7495,0.0146
4, 26127,-0.04,-0.09,-0.94,0.0262,-0.7964,-0.6024,0.0463
5, 20681,0.03,-0.02,.02,-1.01,0.0116,-0.9899,-0.1407,-0.0134
6, 17067,-0.01,-0.06,-1.03,0.0200,-0.4508,0.8921,-0.0229
2, 21084,0.03,0.08,-0.98,0.0356,0.9446,0.3250,0.0291
3, 4752,0.01,-0.01,-1.04,0.1289,0.6490,-0.7496,0.0146
4, 26129,-0.04,-0.09,-0.97,0.0262,-0.7964,-0.60
5, 20687,0.04,-0.01,-1.01,0.0117,-0.0134
6, 17073,-0.01,-0.06,-1.01,0.0200,-0.4508,0.8921,-0.0229
1, 22676,0.03,0.05,-0.99,0.0302,0.9103,-0.4129,0.0064
3, 4758,0.00,-0.01,-1.04,0.1281,0.6491,-0.7497,0.0146
4, 26135,-0.04,-0.08,-0.95,0.0262,-0.7964,-0.6024,0.0464
5, 20693,0.03,-0.02,-1.01,0.0116,-0.9899,-0.1407,-0.0134
6, 17080,-0.02,-0.06,-1.03,0.0200,-0.4508,0.8921,-0.0229
1, 22684,0.04,0.05,-0.98,0.0301,0.9103,-0.4129,0.0064
2, 21091,0.04,0.08,-0.98,0.0355,0.9446,0.3250,0.0291
3, 4765,0.01,-0.02,-1.02,0.1273,0.6492,-0.7498,0.0145
4, 26142,-0.04,-0.09,-.94,0.0262,-0.7964,-0.6024,0.0464
5, 20697,0.03,-0.02,-1.01,0.0116,-0.9899,-0.1407,-0.0134
6, 17086,-0.02,-0.05,-1.02,0.0200,-0.4508,0.8921,-0.0229
1, 22690,0.02,0.05,-0.98,0.0301,0.9103,-0.4129,0.0064
2, 21098,0.04,0.08,-0.97,0.0355,0.9446,0.3250,0.0291
3, 4771,0.01,-0.00,-1.03,0.1265,0.6492,-0.7499,0.0145
4, 26148,-0.05,-0.10,-0.96,0.0262,-0.7964,-0.6024,0.0464
5, 20701,0.0,-0.9899,-0.1407,-0.0134
6, 17093,-0.02,-0.06,-1.02,0.0200,-0.4508,0.8921,-0.0229
1, 22697,0.04,0.04,-0.99,0.0302,0.9103,-0.4129,0.0064
2, 21105,0.03,0.08,-0.98,0.0355,0.9446,0.3250,0.0291
3, 4778,0.00,-0.01,-1.03,0.1256,0.6493,-0.7500,0.0144
4, 26154,-0.03,-0.09,-0.94,0.0261,-0.7965,-0.6024,0.0464
5, 20707,0.03,-0.01,-1.00,0.0116,-0.9899,-0.1407,-0.0134
6, 17099,-0.01,-0.06,-1.02,0.0200,-0.4508,0.8921,-0.0229
1, 22704,0.04,0.05,-0.98,0.0301,0.9103,-0.4129,0.0064
2, 21111,0.02,0.09,-0.98,0.0355,0.9446,0.3250,0.0291
3, 4784,0.01,-0.00,-1.04,0.1249,0.6493,-0.7500,0.0144
4, 26161,-0.03,-0.10,-0.94,0.0261,-0.7965,464
5, 20716,0.03,-0.03,-1.01,0.0117,-0.9899,-0.1407,-0.0134
6, 17105,-0.02,-0.06,-1.02,0.0200,-0.4508,0.8921,-0.0228
1, 22710,0.04,0.05,-1.00,0.0301,0.9103,-0.4129,0.0064
2, 21118,0.03,0.09,-0.97,0.0356,0.9446,0.3250,0.0291
3, 4791,0.01,-0.01,-1.03,0.1240,0.6494,-0.7501,0.0144
4, 26167,-0.03,-0.09,-0.95,0.0261,-0.7964,-0.6024,0.0464
5, 20720,0.04,-0.03,-1.00,0.0117,-0.9899,-0.1407,-0.134
6, 17112,-0.02,-0.06,-1.02,0.0199,-0.4508,0.8921,-0.0229
1, 22717,0.03,0.05,-0.98,0.0302,0.9103,-0.4129,0.00640
2, 21124,0.03,0.08,-0.99,0.0356,0.9446,0.3250,0.0290
3, 4797,0.01,-0.01,-1.03,0.1233,0.6495,-0.7502,0.0143
4, 26174,-0.04,-0.0261,-0.7965,-0.6024,0.0464
5, 20726,0.03,-0.02,-1.01,0.0117,-0.9899,-0.1407,-0.0134
6, 17118,-0.02,-0.06,-1.02,0.0200,-0.4508,0.8921,-0.0228
1, 22723,0.04,0.05,-0.99,0.0302,0.9103,-0.4128,0.0064
2, 21131,0.03,0.09,-0.97,0.0356,0.9446,0.3250,0.02912
3, 4803,0.00,-0.01,-1.03,0.1226,0.6495,-0.7503,0.0143
4, 26180,-0.04,-0.09,-0.95,0.0261,-0.7965,-0.6024,0.0464
5, 20733,0.03,-0.02,-0.99,.0117,-0.9899,-0.1407,-0.0134
6, 17124,-0.02,-0.05,-1.02,0.0199,-0.4508,0.8921,-0.0228
1, 22730,0.04,0.05,-0.97,0.0302,0.9103,-0.4128,0.0064
2, 21138,0.03,0.08,-0.99,0.0356,0.9446,0.3251,0.0291
3, 4810,0.01,-0.01,-1.03,0.1218,0.6496,-0.7503,0.0142
4, 26186,-0.04,-0.09,-0.95,0.0261,-0.7965,-0.6023,0.0464
5, 20739,0.03,-0.02,-1.00,0.0117,-0.9899,-0.1407,-0.0134
6, 17130,-0.02,-0.07,-1.01,0.0199,-0.4508,0.8921,-0.0228
1, 22736,0.04,0.05,-0.98,0.0302,0.9103,-0.4128,0.0064
2, 21144,0.03,0.09,-0.99,0.0356,0.9446,0.3251,0.0291
3, 4816,0.01,-0.01,-1.02,0.1211,0.6496,-0.7504,0.0142
4, 26193,-0.04,0.96,0.0262,-0.7965,-0.6023,0.0464
5, 20747,0.03,-0.02,-1.01,0.0117,-0.9899,-0.1407,-0.0134
6, 17137,-0.01,-0.06,-1.01,0.0200,-0.4508,0.8921,-0.0227
1, 22743,0.04,0.04,-0.98,0.0302,0.9103,-0.4129,0.0064
2, 21151,0.03,0.09,-0.99,0.0356,0.9446,0.3251,0.0290
3, 4822,0.01,-0.01,-1.04,0.1203,0.6497,-0.7505,0.01424
4, 26198,-0.04,-0.10,-0.95,0.0262,-0.7965,-0.6023,0.0464
5, 20752,0.02,-0.03,-1.01,0.0117,-0.9899,-0.147,-0.0134
6, 17143,-0.01,-0.06,-1.01,0.0200,-0.4508,0.8921,-0.0227
1, 22749,0.03,0.05,-0.98,0.0302,0.9103,-0.4129,0.0065
2, 21157,0.04,0.09,-0.97,0.0356,0.9446,0.3251,0.0290
3, 4828,0.00,-0.02,-1.02,0.1196,0.6498,-0.7505,0.0141
4, 26205,-0.04,-0.09,-0.96,0.0262,-0.7965,-0.6023,0.0465
5, 20758,0.03,-0.03,-1.00,0.0117,-0.9899,-0.1407,-0.0134
6, 17149,-0.01,-0.07,-1.02,0.0200,-0.4508,0.8921,-0.0227
1, 22755,0.04,0.04,-0.98,0.0303,0.9103,-0.4129,0.0064
2, 21164,0.03,0.08,-0.98,0.0356,0.9446,0.3251,0.0291
3, 4835,0.01,-0.01,-1.03,0.1188,0.6498,-0.7506,0.0141
4, 26211,-0.04,-0.10,-0.96,0.0262,-0.7965,-0.6023,0.0465
5, 20767,0.03,-0.03,-1.00,0.0117,-0.9899,-0.1407,-0.0134
6, 17155,-0.02,-0.05,-1.01,0.0200,-0.4508,0.8921,-0.0228
1, 22762,0.04,0.05,-0.98,0.0302,0.9103,-0.4129,0.0065
2, 21170,0.04,0.08,-0.98,0.0356,0.9446,0.3251,0.0290
3, 4841,0.01,-0.02,-1.03,0.1180,0.6499,-0.7507,0.0140
4, 26217,-0.03,-0.09,-0.94,0.0262,-0.7965,-0.6023,0.0464
5, 2077-0.02,-1.01,0.0117,-0.9899,-0.1407,-0.0134
6, 17161,-0.01,-0.06,-1.01,0.0200,-0.4508,0.8921,-0.0228
1, 22768,0.03,0.05,-0.99,0.0302,0.9103,-0.4129,0.0065
2, 21177,0.03,0.09,-0.99,0.0356,0.9446,0.3251,0.0291
3, 4843,0.01,-0.00,-1.04,0.1141,0.6502,-0.7510,0.0138
4, 26224,-0.05,-0.10.09,-0.95,0.0262,-0.7965,-0.6023,0.0465
5, 20777,0.03,-0.02,-1.00,0.0117,-0.90.9899,-0.1407,-0.0135
6, 17168,-0.01,-0.06,-1.02,0.0200,-0.4507,0.8921,-0.0228
1, 22775,0.03,.05,-0.98,0.0303,0.9103,-0.4129,0.0065
2, 21183,0.03,0.08,-0.96,0.0355,0.9446,0.3251,0.0291
3, 4849,0.00,-0.02,-1.04,0.1134,0.6502,-0.7511,0.0137
4, 26230,-0.03,-0.09,-0.95,0.0262,-0.796023,0.0464
5, 20783,0.03,-0.02,-1.01,0.0117,-0.9899,-0.1407,
6, 17169,-0.02,-0.06,-1.02,0.0200,-0.4507,0.8922,-0.0226
1, 22781,0.03,0.05,-0.98,0.0302,0.9103,-0.4129,0.0064
2, 21189,0.03,0.09,-0.98,0.0355,0.9446,0.3251,0.0291
3, 4856,0.00,-0.01,-1.03,0.1126,0.6503,-0.7512,0.0137
4, 26236,-0.04,-0.10,-0.95,0.0262,-0.7965,-0.6023,0.0464
5, 20789,0.03,-0.01,-1.00,0.0117,-0.9899,-0.1407,-0.0134
6, 17175,-0.01,-0.06,-1.02,0.0200,-0.4507,0.8922,-0.0227
1, 22787,0.04,0.05,-0.98,0.0302,0.9103,-0.4129,0.0064
2, 21196,0.03,0.08,-0.99,0.0355,0.9445,0.3252,0.0291
3, 4862,0.02,-0.02,-1.03,0.1120,0.6503,-0.7512,0.0136
4, 26242,-0.04,-0.10,-0.95,0.0262,-0.7965,-0.6023,0.0463
5, 20798,0.02,-0.02,-1.01,0.0117,-0.9899,-0.1406,-0.0134
6, 17182,-0.02,-0.06,-1.01,0.0200,-0.4507,0.8922,-0.0228
1, 22794,0.04,0.05,-0.97,0.0302,0.9103,-0.4129,0.0064
2, 21202,0.03,0.08,-0.97,0.0355,0.9445,0.3252,0.0290
3, 4869,0.01,-0.01,-1.04,0.1112,0.6504,-0.7513,0.0136
4, 26246,-0.04,-0.09,-0.95,0.0261,-0.7965,-0.6023,0.0463
5, 20802-0.02,-1.02,0.0117,-0.9899,-0.1407,-0.0134
6, 17188,-0.01,-0.07,-1.03,0.0200,-0.4507,0.8922,-0.0227
1, 22800,0.03,0.05,-0.98,0.0302,0.9103,-0.4129,0.0064
2, 21209,0.03,0.09,-0.97,0.0355,0.9445,0.3252,0.0291
3, 4875,0.01,-0.02,-1.04,0.1106,0.6504,-0.7514,0.0136
4, 26250,-0.04,-0.09,-0.94,00261,-0.7965,-0.6023,0.0463
5, 20808,0.02,-0.02,-1.00,0.0117,-0.-0.9899,-0.1406,-0.0134
6, 17195,-0.01,-0.06,-1.02,0.0199,-0.4506,0.8922,-0.0228
2, 21215,0.03,0.09,-0.96,0.0355,0.9445,0.3252,0.0291
3, 4882,0.00,-0.01,-1.04,0.1098,0.6505,-0.7514,0.0135
4, 26256,-0.03,-0.09,-0.94,0.0261,-0.7965,-0.6022,0.0463
6, 17201,-0.02,-0.06,-1.02,0.0200,-0.4506,0.8922,-0.0228
1, 22806,0.03,0.04,-0.94129,0.0063
3, 4889,0.01,-0.01,-1.03,0.1091,0.6505,-0.7515,0.0135
4, 26262,-0.04,-0.09,-0.94,0.0261,-0.7966,-0.6022,0.0463
5, 20814,0.03,-0.02,-1.01,0.0117,-0.9899,-0.1407,-0
6, 17207,-0.01,-0.06,-1.03,0.0200,-0.4506,0.8922,-0.0228
1, 22814,0.04,0.05,-0.98,0.0301,0.9103,-0.4129,0.0063
2, 21221,0.03,0.08,-0.99,0.0355,0.9446,0.3251,0.0291
3, 4895,0.01,-0.01,-1.03,0.1085,0.6506,-0.7516,0.0134
4, 26269,-0.04,-0.09,-0.94,0.0261,-0.7966,-0.6022,
5, 20822,0.03,-0.01,-1.00,0.0117,-0.9899,-0.1407,
6, 17214,-0.01,-0.05,-1.02,0.0199,-0.4506,0.8922,-0.0228
1, 22821,0.04,0.05,-0.98,0.0301,0.9103,-0.4129,0.00637
2, 21229,0.03,0.08,-0.98,0.0355,0.9446,0.3251,0.0291
3, 4902,0.01,-0.00,-1.03,0.1077,0.6506,-0.7516,0.0134
4, 26275,-0.04,-0.09,-0.95,0.0261,-0.7966,-0.6022,0.0463
5, 20828,0.03,-0.03,-1.01,0.0117,-0.9899,-0.1407,-0.0134
6, 17220,-0.01,-0.06,-1.02,0.0198,-0.4506,0.8922,-0.0228
1, 22828,0.03,0.05,-0.98,0.0301,0.9103,-0.4129,0.0064
2, 21236,0.04,0.10,-0.98,0.0355,0.9446,0.3251,0.0291
3, 4908,0.01,-0.01,-1.04,0.1071,0.6506,-0.7517,0.0133
4, 26282,-0.04,-0.09,-0.95,0.0260,-022,0.0463
5, 20835,0.03,-0.03,-1.01,0.0117,1407,-0.0134
6, 17227,-0.02,-0.06,-1.03,0.0199,-0.4506,0.8922,-0.0228
1, 22834,0.05,0.04,-0.98,0.0301,0.9103,-0.4129,0.00637
2, 21242,0.03,0.08,-0.98,0.0355,0.9446,0.3251,0.0291
3, 4914,0.01,-0.01,-1.03,0.1064,0.6507,-0.7517,0.0133
4, 26288,-0.04,-0.10,-0.95,0.0260,-0.7966,-0.6022,0.0462
5, 20841,0.02,-0.02,-1.00,0.0117,-0.9899,-0.1407,-0.0134
6, 17233,-0.02,-0.06,-1.01,0.0199,-0.4506,0.8922,-0.0228
1, 22841,0.03,0.05,-0.98,0.0300,0.9103,-0.4129,0.0064
2, 21249,0.03,0.09,-0.98,0.0355,0.9446,0.3251,0.0291
3, 4921,0.01,-0.01,-1.04,0.1057,0.6507,-0.7518,0.0132
4, 26295,-0.04,-0.09,0,-0.7966,-0.6022,0.0462
5, 20848,0.02,-0.00117,-0.9899,-0.1406,-0.0134
6, 17239,-0.01,-0.06,-1.01,0.0199,-0.4506,0.8922,-0.0227
1, 22847,0.03,0.04,-1.00,0.0301,0.9103,-0.4129,0.0063
2, 21256,0.02,0.08,-0.99,0.0355,0.9445,0.3251,0.0291
3, 4927,0.01,-0.01,-1.03,0.1051,0.6507,-0.7519,0.0132
4, 26301,-0.04,-0.09,-0.95,0.0260,-0.7966,-0.6022,0.0461
5, 20854,0.03,-0.02,-1.01,0.0117,-0.9899,-0.1407,-0.0134
6, 17246,-0.01,-0.06,-1.02,0.0199,-0.4506,0.8922,-0.0227
1, 22854,0.03,0.04,-0.99,0.0300,0.9103,-0.4129,0.0064
2, 21262,0.03,0.08,-0.98,0.0355,0.9445,0.3251,0.0291
3, 4934,0.01,-0.01,-1.03,0.1044,0.6508,-0.7519,0.0131
4, 26307,-0.04,-0.09,-0.94,0.0260,-0.7966,-0.6022,0.0461
5, 20863,0.02,-0.02,-1.00,0.0117,-0.9899,-0.1407,-0.0134
6, 17252,-0.01,-0.06,-1.01,0.0200,-0.4506,0.8922,-0.0227
1, 22860,0.04,0.05,-0.99,0.0300,0.9103,-0.4129,0.0064
2, 21269,0.03,0.08,-0.99,0.0355,0.9446,0.3251,0.0291
3, 4940,0.01,-0.01,-1.03,0.1038,0.6508,-0.7520,0.0131
4, 26314,-0.03,-0.09,-0.95,95,0.0260,-0.7966,-0.6022,0.0461
5, 20867,0.02,-0.02,-1.00,0.0117,-0.9899,-0.1407,-0.0134
6, 17258,-0.02,-0.06,-1.02,0.0200,-0.4506,0.8922,-0.0228
1, 22867,0.04,0.05,-0.98,0.0300,0.9102,-0.4129,0.0063
2, 21275,0.03,0.09,-0.99,0.0355,0.9446,0.3251,0.0290
3, 4946,0.00,-0.01,-1.02,0.1032,0.6509,-0.7520,0.0131
4, 26320,-0.04,-0.10,-0.96,0.0260,-0.7966,-0.6022
5, 20873,0.03,-0.02,-1.02,0.0117,-0.9899,-0.1407,-0.0134
6, 17264,-0.02,-0.07,-1.01,0.0199,-0.4506,0.8922,-0.0228
1, 22874,0.04,0.05,-0.98,0.0301,0.9102,-0.4129,0.0063
2, 21282,0.03,0.08,-0.98,0.0355,0.9446,0.3252,0.0290
3, 4953,0.01,-0.01,-1.02,0.1025,0.6509,-0.7521,0.0130
4, 26326,-0.03,-0.10,-0.94,0.0260,-0.7966,-0.6022,0.0462
5, 20882,0.04,-0.02,-1.00,0.0117,-0.9899,-0.1407,-0.0134
6, 17270,-0.02,-0.06,-1.02,0.0199,-0.4506,0.8922,-0.0228
1, 22880,0.04,0.05,-0.98,0.0300,0.9102,-0.4129,0.0063
2, 21288,0.03,0.09,-0.98,0.0355,0.9445,0.3252,0.0290
3, 4959,0.01,-0.00,-1.04,0.1019,0.6510,-0.7521,0.0130
4, 26332,-0.03,-0.09,-0.95,0.0261,-0.7966,-0.6022,0.0462
5, 20886,0.03,-0.02,-1.01,-0.9899,-0.1407,-0.0134
6, 17277,-0.02,-0.06,-1.01,0.0200,-0.4507,0.8922,-0.0228
1, 22886,0.04,0.05,-0.98,0.0300,0.9102,-0.4129,0.0063
2, 21295,0.03,0.08,-0.97,0.0355,0.9445,0.3252,0.02903
3, 4965,0.00,-0.02,-1.04,0.1013,0.6510,-0.7522,0.0130
4, 26338,-0.04,-0.09,-0.95,0.0261,-0.7966,-0.6022,0.0462
5, 20892,0.03,-0.02,-1.01,0.0117,-0.9899,-0.1407,-0.0134
6, 17283,-0.02,-0.06,-1.01,0.0200,-0.4507,0.8922,-0.0227
1, 22893,0.04,0.06,-0.98,0.0300,0.9102,-0.4129,0.0063
2, 21301,0.03,0.09,-0.98,0.0355,0.9445,0.3252,0.0291
3, 4968,0.01,-0.01,-1.03,0.0979,0.6513,-0.7524,0.0128
4, 26345,-0.04,-0.10,.09,-0.94,0.0262,-0.7966,-0.6022,0.0462
5, 20898,0.03,-0.01,-1.01,0.0117,-0.9899,-0.1407,-0.0134
6, 17286,-0.02,-0.06,-1.02,0.0200,-0.4507,0.8922,-0.0227
1, 22899,0.04,0.05,-1.00,0.0301,0.9102,-0.4129,0.0064
2, 21308,0.03,0.09,-0.99,0.0355,0.9445,0.3252,0.0291
3, 4973,0.01,-0.01,-1.02,0.0974,0.6513,-0.7524,0.0128
4, 26351,-0.04,-0.09,-0.94,0.0262,-0.7966,,0.0462
5, 20906,0.03,-0.01,-1.00,0.0117,-0.9899,-0.1407,-0.0135
6, 17290,-0.02,-0.06,-1.02,0.0201,-0.4506,0.8922,-0.0227
1, 22905,0.03,0.04,-0.98,0.0300,0.9102,-0.4129,0.0064
2, 21314,0.03,0.07,-0.97,0.0355,0.9445,0.3252,0.0291
3, 4980,0.01,-0.01,-1.04,0.0968,0.6513,-0.7525,0.0127
4, 26357,-0.05,-0.09,-0.95,0.0262,-0.7966,-0.6022,0.0462
5, 20913,0.02,-0.03,-1.02,0.0117,-0.9899,-0.1407,-0.0135
6, 17297,-0.01,-0.06,-1.02,0.0201,-0.4507,0.8922,-0.0227
1, 22912,0.04,0.05,-0.98,0.0301,0.9102,-0.4129,0.0064
2, 21320,0.02,0.09,-0.98,0.0355,0.9445,0.3252,0.0291
3, 4986,0.01,-0.01,-1.03,0.0962,0.6514,-0.7525,0.0127
5, 209170,0.0117,-0.9899,-0.1407,-0.0135
6, 17303,-0.01,-0.07,-1.02,0.0201,-0.4507,0.8922,-0.0227
1, 22918,0.04,0.05,-1.00,0.0300,0.9102,-0.4129,0.0064
2, 21327,0.04,0.09,-0.98,0.0355,0.9445,0.3252,0.0291
3, 4993,0.01,-0.00,-1.02,0.0955,0.6514,-0.7526,0.0127
4, 26363,-0.04,-0.10,-0.94,0.0261,-0.7966,-0.6021,0.0462
5, 20923,0.03,-0.02,-1.01,0.0117,-0.98407,-0.0135
6, 17310,-0.03,-0.06,-1.02,0.0201,-0.4506,0.8922,-0.0227
1, 22924,0.03,0.04,-0.98,0.0300,0.9102,-0.4129,0.0064
2, 21333,0.03,0.08,-0.98,0.0355,0.9445,0.3252,0.02916
3, 4999,0.01,-0.01,-1.04,0.0950,0.6515,-0.7526,0.0127.
4, 26371,-0.05,-0.10,-0.93,0.0261,-0.7966,-0.6021,0.0462
5, 20929,0.03,-0.02,-1.00,0.0117,-0.9899,-0.1407,-0.0134
6, 17316,-0.02,-0.06,-1.03,0.0201,-0.4506,0.8922,-0.0227
1, 22930,0.04,0.05,-0.98,0.0300,0.9102,-0.4129,0.0064
2, 21339,0.03,0.08,-0.97,0.0355,0.9445,0.3252,0.0291
3, 5006,0.01,-0.01,-1.02,0.0943,0.6515,-0.7526,0.0126
4, 26377,-0.04,-0.09,-0.95,0.0261,-0.7966,-0.6021,0.0462
5, 20935,0.03,-0.01,-0.99,0.0117,-0.9899,-0.1407,-0.0134
6, 17322,-0.02,-0.06,-1.02,0.0201,-0.4506,0.8922,-0.0227
2, 21346,0.03,0.09,-0.98,0.0356,0.9445,0.3253,0.02909
3, 5013,0.01,-0.01,-1.03,0.0937,0.6516,-0.7527,0.0126
4, 26384,-0.04,-0.09,-0.95,0.0262,-022,0.0462
6, 17329,-0.02,-0.06,-1.03,0.0201,-0.4506,0.8922,-0.0227
1, 22937,0.03,0.05,-0.99,0.0300,0.9102,-0.4129,0.0064
3, 5019,0.01,-0.01,-1.04,0.0932,0.6516,-0.7527,0.0125
4, 26390,-0.04,-0.10,-0.94,0.0262,-0.7966,-0.6022,0.0462
5, 20945,0.03,-0.02,-1.00,0.0117,-0.9899,-0.1407,-0.0134
6, 17335,-0.02,-0.06,-1.01,0.0201,-0.4506,0.8922,-0.0227
1, 22945,0.04,0.04,-0.98,0.0300,0.9102,-0.4130,0.0064
2, 98,0.0355,0.9445,0.3253,0.0290
3, 5026,0.02,-0.02,-1.04,0.0926,0.6516,-0.7528,0.0124
4, 26396,-0.04,-0.09,-0.96,0.0262,-0.7966,-0.6022,0.0463
5, 20949,0.03,-0.02,-1.02,0.0117,-0.9899,-0.1407,-0.01359
6, 17341,-0.02,-0.06,-1.02,0.0201,-0.4506,0.8922,-0.0227
1, 22951,0.04,0.05,-0.98,0.0300,0.9102,-0.4130,0.0064
2, 21360,0.03,0.08,-0.97,0.0355,0.9445,0.3253,0.0290
3, 5032,0.00,-0.01,-1.04,0.0921,0.6516,-0.7528,0.0124
4, 26403,-0.04,-0.09,-0.94,0.0263,-0.7966,-0.6022,0.0463
5, 20958,0.03,-0.01,-1.00,0.0117,-0.9899,-0.1406,-0.0135
6, 17348,-0.01,-0.06,-1.01,0.0202,-0.4506,0.8922,-0.0227
1, 22958,0.03,0.05,-0.99,0.0301,0.9102,-0.4130,0.0064
2, 21367,0.03,0.09,-0.98,0.0355,0.9445,0.3253,0.0290
3, 5038,0.01,-0.01,-1.03,0.0916,0.6516,-0.7529,0.0122
4, 26409,-0.04,-0.08,-0.93,0.0263,-0.7966,-0.6022,0.0464
5, 20962,0.02,-0.02,-1.00,0.0117,5
6, 17354,-0.02,-0.05,-1.02,0.0201,-0.4506,0.8922,-0.0228
1, 22964,0.03,0.05,-0.98,0.0300,0.9102,-0.4130,0.0064
2, 21373,0.04,0.09,-0.99,0.0355,0.9445,0.3253,0.0290
3, 5045,0.01,-0.01,-1.04,0.0910,0.6517,-0.7529,0.0121
4, 26416,-0.04,-0.09,-0.97,0.023,-0.7966,-0.6022,0.0463
5, 20968,0.03,-0.02,-1.00,0.0117,-0.9899,-0.1407,-0.0135
6, 17360,-0.02,-0.06,-1.02,0.0201,-0.4506,0.8922,-0.0228
1, 22971,0.04,0.05,-0.98,0.0301,0.9102,-0.4130,0.0065
2, 21380,0.04,0.09,-0.98,0.0356,0.9445,0.3253,0.0290
3, 5051,0.01,-0.01,-1.03,0.0905,0.6517,-0.7530,0.0121
4, 26422,-0.04,-0.09,-0.94,0.0263,-0.7966,-0.6022,0.0463
5, 20975,0.02,-0.0117,-0.9899,-0.1406,-0.0134
6, 17366,-0.02,-0.06,-1.03,0.0201,-0.4506,0.8922,-0.0227
1, 22977,0.04,0.06,-0.99,0.0301,0.9102,-0.4130,0.0065
2, 21387,0.03,0.09,-0.98,0.0356,0.9445,0.3253,0.0290
3, 5057,0.00,-0.01,-1.04,0.0899,0.6517,-0.7530,0.0121
4, 26428,-0.04,-0.09,-0.94,0.0263,-0.7966,-0.6021,0.0463
5, 20981,0.03,-0.02,-1.00,0.0117,-0.9899,-0.1407,-0.0134
6, 17372,-0.01,-0.06,-1.02,0.0201,-0.4506,0.8922,-0.0227
1, 22984,0.04,0.05,-0.99,0.0302,0.9102,-0.4131,0.0065
2, 21393,0.03,0.09,-0.98,0.0356,0.9445,0.3253,0.0290
3, 5064,0.01,-0.01,-1.03,0.0893,0.6517,-0.7531,0.0120
4, 26434,-0.04,-0.09,-0.95,0.0263,-0.7966,-0.6022,0.0462
5, 20990,0.04,-0.02,-1.00,0.0117,-0.9899,-0.1406,-0.0135
6, 17378,-0.02,-0.07,-1.03,0.0201,-0.4506,0.8922,-0.0228
1, 22991,0.03,0.04,-0.99,0.0303,0.9102,-0.4131,0.0065
2, 21400,0.03,0.09,-0.98,0.0356,0.9445,0.3253,0.0290
3, 5070,0.00,-0.02,-1.02,0.0888,0.6518,-0.7531,0.0120
4, 26441,-0.03,-0.09,-0.95,-0.7966,-0.6022,0.0463
5, 20994,0.04,-0.01,-0.99,0.0117,-0.9
6, 17385,-0.01,-0.06,-1.01,0.0201,-0.4506,0.8922,-0.0228
1, 22997,0.03,0.06,-0.98,0.0303,0.9102,-0.4131,0.0065
2, 21406,0.03,0.09,-0.98,0.0356,0.9445,0.3253,0.0290
3, 5076,0.01,-0.01,-1.03,0.0883,0.6518,-0.7531,0.0120
4, 26447,-0.04,-0.09,-0.95,0.0263,-0.7966,-0.6022,0.0463
5, 21000,0.03,-0.02,-1.00,0.0117,-0.9899,-0.1407,-0.0134
6, 17391,-0.02,-0.07,-1.02,0.0201,-0.4506,0.8922,-0.0228
1, 23004,0.03,0.05,-0.99,0.0303,0.9102,-0.4131,0.0064
2, 21413,0.03,0.09,-0.97,0.0356,0.9445,0.3253,0.0290
3, 5083,0.01,-0.00,-1.03,0.0877,0.6518,-0.7532,0.0119
4, 26453,-0.03,-0.09,-0.95,0.0263,-0.7966,-0.6022,0.0463
5, ,-1.00,0.0117,-0.9899,-0.1407,-0.0134
6, 17397,-0.02,-0.06,-1.02,0.0202,-0.4506,0.8922,-0.0228
1, 23010,0.03,0.05,-0.98,0.0303,0.9102,-0.4131,0.00640
2, 21420,0.03,0.09,-0.98,0.0356,0.9445,0.3253,0.0290
3, 5089,0.01,-0.00,-1.03,0.0872,0.6519,-0.7532,0.0119
4, 26459,-0.04,-0.10,-0.94,0.0263,-0.7966,-0.6022,0.0462
5, 21013,0.02,-0.02,-1.01,0.01179,-0.1406,-0.0134
6, 1740,-0.02,-0.06,-1.01,0.0202,-0.4505,0.8922,-0.0228
1, 23016,0.04,0.06,-0.99,0.0304,0.9102,-0.4131,0.0064
2, 21426,0.03,0.08,-0.99,0.0356,0.9445,0.3253,0.0290
3, 5095,0.01,-0.02,-1.04,0.0866,0.6519,-0.7533,0.0118
4, 26465,-0.04,-0.10,-0.94,0.0263,-0.7966,-0.6022,0.0462
5, 21019,0.04,-0.02,-1.00,0.0117,-0.9899,-0.1406,-0.0134
6, 17405,-0.02,-0.06,-1.02,0.0202,-0.4506,0.8922,-0.0228
1, 23023,0.03,0.06,-0.99,0.0304,0.9102,-0.4131,0.0064
2, 21432,0.03,0.09,-0.98,0.0356,0.9445,0.3253,0.0290
4, 26472,-0.04,-0.09,0.0264,-0.7966,-0.6022,0.0463
5, 21025,0.03,-0.02,-1.00,0.0117,-0.9899,-0.1406,-0.0134
6, 17411,-0.02,-0.06,-1.02,0.0202,-0.4505,0.8922,-0.0227
1, 23029,0.04,0.05,-0.99,0.0304,0.9101,-0.4131,0.0064
2, 21439,0.03,0.08,-0.97,0.0357,0.9445,0.3253,0.0290
3, 5102,0.01,-0.01,-10.7535,0.0116
4, 26478,-0.04,-0.09,-0.96,0.0264,-0.7966,-0.6022,0.04
5, 21034,0.03,-0.02,-1.00,0.0117,-0.9899,-0.1406,-0.0135
6, 17418,-0.01,-0.06,-1.02,0.0202,-0.4505,0.8922,-0.0227
1, 23036,0.03,0.05,-0.98,0.0303,0.9102,-0.4131,0.0064
2, 21445,0.03,0.09,-0.99,0.0357,0.9445,0.3253,0.0290
3, 5110,0.01,-0.01,-1.03,0.0826,0.6521,-0.7535,0.0116
4, 26479,-0.04,-0.09,-0.94,0.0264,-0.7966,-0.6021,0.0462
5, 21040,0.04,-0.01,-1.01,0.0117,-0.9899,-0.1406,-0.0135
6, 17424,-0.01,-0.06,-1.01,0.0202,-0.4505,0.8922,-0.0227
1, 23042,0.03,0.05,-0.98,0.0303,0.9102,-0.4131,0.0064
2, 21451,0.02,0.09,-0.98,0.0356,0.9445,0.3253,0.0290
3, 5117,0.01,-0.01,-1.03,0.0820,0.6521,-0.7536,0.0115
4, 26486,-0.04,-0.10,-0.95,0.0264,-0.7966,-03
5, 21044,0.03,-0.01,-1.00,0..9899,-0.1406,-0.0135
6, 17431,-0.01,-0.07,-1.02,0.0202,-0.4505,0.8922,-0.0227
1, 23048,0.03,0.05,-0.99,0.0303,0.9102,-0.4131,0.0064
2, 21458,0.03,0.08,-0.98,0.0356,0.9445,0.3253,0.0290
3, 5123,0.01,-0.02,-1.03,0.0816,0.6521,-0.7536,0.0115
4, 26492,-0.04,-0.10,-0.95,0.0264,-0.7966,-0.6021,0.0463
5, 21050,0.02,-0.02,-1.00,0.0117,-0.9899,-0.1406,-0.0134
6, 17437,-0.03,-0.05,-1.03,0.0202,-0.4505,0.8922,-0.0227
1, 23055,0.03,0.05,-0.98,0.0303,0.9102,-0.4131,0.0063
2, 21464,0.03,0.09,-0.98,0.0356,0.9445,0.3253,0.0290
3, 5130,0.01,-0.02,-1.03,0.0810,0.6522,-0.7537,0.0115
4, 26499,-0.04,-0.09,-0.95,966,-0.6021,0.0463
5, 21056,0.03,-0.01,-1.00,0.0117,-0.9899,-0.1406,-0.0135
6, 17443,-0.02,-0.06,-1.00,0.0202,-0.4505,0.8922,-0.0227
1, 23061,0.03,0.05,-0.98,0.0302,0.9102,-0.4131,0.0063
2, 21471,0.04,0.08,-0.98,0.0356,0.9445,0.3253,0.0290
3, 5136,0.01,-0.01,-1.04,0.0805,0.6522,-0.7537,0.0114
4, 26505,-0.04,-0.09,-0.94,0.0264,-0.7966,-0.6021,0.0462
6, 17450,-0.01,-0.07,-1.01,0.0202,-0.4505,0.8922,-0.0227
1, 23065,0.04,0.06,-0.99,0.0301,
